100
47 2 13 73 5 21 7 61 4 10 82 12 71 74 19 16 17 20 42 35 1 22 72 89 25 40 95 8 27 30 37 32 33 67 88 68 15 38 39 34 41 92 43 77 45 46 70 83 49 50 51 31 87 54 55 56 18 6 14 44 3 60 63 64 65 66 78 36 69 58 59 29 23 76 75 28 62 57 79 48 81 11 80 84 85 86 96 26 24 90 91 52 93 94 9 53 97 98 99 100 
0 100 81 2 38 42 28 85 31 11 54 78 53 61 11 34 92 53 33 75 61 25 71 95 71 48 19 10 94 41 70 35 21 36 89 51 88 49 46 86 56 51 95 10 50 28 42 5 69 85 50 38 60 36 25 7 75 88 87 78 100 53 30 89 93 25 26 7 85 75 74 31 88 65 63 63 35 71 5 29 67 34 37 73 48 85 62 28 49 19 98 67 90 45 42 18 59 95 68 70 
59 0 1 53 15 47 47 38 100 18 9 41 14 43 81 7 63 49 37 81 19 1 33 61 41 37 67 26 61 10 84 65 88 71 50 31 57 55 87 61 45 85 69 82 34 65 58 96 23 93 47 34 35 62 63 100 47 37 45 27 9 38 61 15 98 6 58 58 38 86 18 62 59 35 42 78 87 16 74 61 98 68 63 68 19 33 85 93 53 72 15 19 73 46 48 68 3 50 97 65 
74 76 0 57 8 93 92 28 93 52 87 49 74 81 98 38 90 52 18 3 52 55 30 73 63 44 17 69 93 53 82 68 86 93 71 24 9 64 22 76 44 33 45 32 49 19 67 48 31 21 72 58 50 23 13 74 82 74 27 89 78 49 38 23 88 77 81 9 31 74 44 15 93 51 57 83 42 95 99 78 60 17 48 51 41 89 97 53 2 49 67 96 45 91 24 3 33 71 22 48 
84 3 44 0 26 5 55 65 81 41 26 53 92 16 4 29 27 32 21 14 91 84 80 18 70 87 45 19 2 56 15 3 38 85 15 11 65 96 26 70 82 5 23 44 43 65 88 4 34 11 66 46 17 1 31 80 73 65 80 99 73 12 4 36 68 38 24 41 24 96 82 86 73 59 3 100 25 86 7 85 65 1 52 75 84 86 48 33 58 68 46 80 96 27 56 35 38 36 44 69 
57 77 28 30 0 90 21 12 86 61 58 7 3 39 38 47 88 100 42 22 77 65 35 9 81 20 96 14 91 37 58 75 78 50 92 77 89 11 74 52 34 83 61 98 22 9 61 14 65 39 21 22 66 45 14 82 74 21 7 51 89 85 20 20 69 97 22 100 18 50 65 68 18 44 27 50 69 15 96 7 43 99 82 37 9 42 88 36 50 88 29 85 71 50 26 39 45 32 29 66 
77 23 3 57 8 0 24 84 80 16 60 34 87 84 77 27 6 52 4 53 53 86 60 49 65 79 13 48 50 76 9 67 42 34 39 22 17 78 45 79 35 26 76 83 91 29 85 89 6 21 19 64 23 51 54 5 75 11 25 8 64 53 55 95 70 70 66 47 18 51 74 12 66 7 41 55 52 11 7 74 39 79 60 38 100 87 55 76 25 39 81 22 63 86 79 67 63 41 16 29 
17 3 50 54 53 12 0 25 63 6 3 30 50 80 64 29 56 1 100 47 52 7 38 6 59 41 52 62 78 41 60 39 52 10 6 1 61 77 49 17 14 30 19 34 72 94 38 32 31 39 49 64 10 11 95 56 92 48 35 20 52 19 47 29 61 16 61 49 64 25 87 96 67 99 66 25 48 45 35 20 61 79 17 66 68 2 25 77 38 76 47 46 4 42 96 96 14 4 96 51 
91 38 6 41 9 32 6 0 1 15 79 11 82 6 13 25 11 17 44 20 69 65 97 99 33 100 36 79 14 60 47 58 19 74 6 40 31 55 28 57 45 98 1 35 62 71 100 2 73 49 3 45 57 55 52 7 57 99 2 66 60 70 73 14 38 54 27 30 23 26 43 82 3 48 42 36 69 100 71 24 36 72 98 29 75 25 37 54 11 69 3 54 22 27 58 60 22 46 83 21 
36 42 88 26 14 67 77 65 0 19 1 43 66 82 67 55 57 56 100 57 39 20 91 50 63 90 12 27 61 74 33 8 58 2 54 34 36 12 31 86 61 89 95 76 77 97 83 52 8 33 44 92 40 88 53 42 15 61 64 11 61 45 39 20 73 76 94 80 40 26 95 75 42 78 49 30 63 19 65 62 29 42 33 93 60 59 90 26 42 70 41 37 9 24 37 43 1 70 15 99 
78 75 6 53 41 54 78 77 74 0 34 39 19 7 21 30 62 7 37 83 72 91 53 24 41 28 73 32 22 25 82 20 22 73 72 19 88 89 26 82 33 28 25 78 77 90 17 94 23 26 43 96 69 62 72 16 40 22 64 59 20 21 51 1 56 57 8 49 10 58 91 7 20 17 76 56 37 21 56 73 33 94 59 2 26 92 91 89 12 97 4 37 44 38 1 93 49 19 38 99 
66 7 30 7 91 91 31 60 62 65 0 52 37 44 46 7 33 64 30 80 4 96 57 93 4 96 37 80 47 31 60 2 18 82 90 99 22 49 79 54 47 26 53 42 23 27 40 69 19 60 32 52 48 78 67 32 81 82 86 35 51 25 11 1 21 3 77 61 69 78 12 83 54 12 100 16 68 53 80 24 73 98 61 66 60 92 77 100 20 54 65 29 9 80 70 89 67 92 83 32 
4 87 65 2 78 63 1 40 58 76 14 0 17 35 43 73 69 6 11 27 63 74 85 27 18 1 22 97 76 4 29 80 83 72 15 7 79 26 75 44 30 77 35 93 9 31 91 57 21 76 98 85 88 2 11 55 88 8 62 37 72 34 91 70 43 13 41 46 49 51 35 20 41 20 71 69 67 14 12 26 45 6 6 88 1 44 67 67 49 77 56 1 75 47 4 57 2 41 36 8 
45 88 84 18 90 57 25 16 13 83 32 21 0 59 14 34 44 35 100 14 76 36 45 58 37 75 88 94 61 81 96 24 89 26 79 52 96 59 78 28 98 39 39 73 62 81 3 95 56 14 14 41 96 64 76 87 43 22 97 95 73 38 24 43 38 24 71 66 93 84 14 40 5 55 10 10 90 6 100 53 9 90 38 51 83 98 73 13 11 27 33 34 68 38 100 19 80 44 69 26 
96 42 92 33 88 5 45 89 59 18 70 74 6 0 60 12 28 91 66 38 22 68 92 51 64 93 42 54 68 16 69 98 36 30 76 98 94 33 35 93 8 95 84 97 17 29 88 21 71 48 24 44 61 23 95 40 55 73 43 64 88 41 26 41 95 100 11 71 3 21 97 34 56 60 23 75 77 59 88 33 64 100 58 91 6 41 85 95 23 28 70 3 58 91 20 44 68 55 77 69 
31 19 70 21 77 92 75 70 22 90 55 32 47 58 0 81 71 10 100 39 63 32 96 9 28 74 89 54 67 85 93 82 22 49 83 53 90 24 67 25 17 19 67 66 72 21 68 64 3 49 61 53 51 75 72 62 16 98 90 83 20 64 92 52 56 65 23 94 31 76 100 93 60 36 64 8 7 10 69 68 9 52 86 48 83 37 84 88 1 10 78 67 36 25 73 59 42 63 3 36 
48 52 49 72 84 41 12 29 36 65 29 95 3 13 47 0 99 52 28 57 30 95 91 75 5 16 49 30 90 73 23 32 45 43 67 5 17 4 60 26 59 78 95 31 60 65 44 62 23 35 41 52 85 5 97 34 4 72 72 5 9 94 10 29 34 31 73 12 24 95 23 21 25 60 88 35 20 40 27 76 63 93 35 66 9 64 17 100 89 83 97 68 72 61 81 4 83 42 68 26 
63 56 66 72 32 13 71 48 23 46 79 96 7 83 93 2 0 64 35 58 65 23 24 80 85 15 7 91 36 65 24 58 95 29 84 27 25 19 13 21 9 86 66 38 95 49 8 12 44 100 50 87 18 89 27 80 22 32 89 25 89 36 16 28 49 63 91 92 1 51 58 14 50 41 16 81 79 91 11 20 71 5 95 27 54 29 51 88 85 56 46 99 22 78 100 5 48 9 95 9 
70 1 21 3 14 91 79 33 28 56 43 3 39 15 85 15 91 0 19 65 80 70 59 99 28 69 1 100 79 53 93 10 26 13 26 73 73 52 60 30 28 49 84 76 53 2 65 78 63 55 57 54 6 59 96 44 49 7 55 1 4 53 73 53 12 50 74 19 27 44 94 69 44 63 21 68 87 6 34 76 21 36 1 71 67 12 84 10 11 41 1 45 74 34 14 64 19 33 69 85 
45 91 2 9 29 4 82 17 42 6 49 30 97 15 60 16 26 86 0 38 52 75 56 43 45 60 53 90 53 30 90 56 25 84 63 2 45 4 5 45 59 52 94 87 6 72 17 30 53 76 42 27 98 65 76 51 69 63 13 80 5 1 58 95 32 88 47 97 74 13 63 80 72 58 4 87 78 43 98 100 43 13 85 73 19 86 88 73 30 46 15 5 79 86 69 47 99 35 82 69 
79 65 75 28 15 13 44 38 60 11 64 91 28 64 27 1 37 35 32 0 48 83 66 33 95 16 22 98 52 93 53 90 4 18 98 79 22 9 65 37 80 86 57 46 36 66 13 93 87 97 85 25 39 80 63 60 57 77 25 46 57 70 100 60 44 14 63 61 59 5 12 11 82 26 53 85 96 27 83 32 89 2 99 83 83 50 30 47 49 3 63 70 41 37 58 72 77 13 76 16 
92 31 20 49 59 44 8 8 2 91 96 91 11 42 65 10 96 9 78 9 0 83 92 23 28 75 16 81 26 65 81 66 83 21 46 34 85 40 13 92 79 2 36 40 1 27 52 68 27 8 80 63 76 93 75 72 45 100 53 4 67 73 35 42 31 12 73 10 85 34 36 28 87 79 16 10 59 15 64 93 50 69 95 16 26 96 17 29 18 28 42 88 56 24 62 21 28 8 74 17 
99 61 86 80 15 8 100 26 33 23 84 100 46 14 76 72 70 42 65 83 2 0 79 69 33 59 97 58 70 20 81 24 84 18 79 29 21 43 11 42 87 51 64 17 60 40 30 63 73 65 36 100 53 16 47 51 19 38 17 17 17 62 45 58 74 14 70 30 27 45 98 9 65 55 37 16 98 11 26 82 9 86 89 63 27 61 22 63 84 45 69 78 93 80 79 11 59 15 56 51 
51 41 32 100 32 75 3 13 70 58 52 84 44 81 61 57 44 12 41 96 13 43 0 30 22 27 18 100 73 5 8 73 83 33 42 89 94 70 5 37 83 55 55 17 52 77 24 88 57 70 92 34 75 89 72 40 96 27 55 8 34 22 71 19 74 19 16 7 12 22 28 96 8 40 7 93 27 24 61 35 16 38 58 58 88 24 58 53 36 36 73 7 77 24 64 57 76 40 29 50 
95 97 63 4 19 22 38 85 76 20 93 54 6 90 44 79 50 6 44 91 96 81 13 0 81 88 44 4 36 36 14 75 33 47 43 59 19 17 97 93 23 54 83 18 43 68 14 29 43 47 19 24 97 63 75 55 48 46 47 14 72 19 98 97 100 82 39 68 44 5 99 11 8 66 68 6 44 86 19 45 33 49 43 100 92 15 10 29 25 14 12 30 99 69 29 96 51 25 32 84 
30 73 42 97 50 84 59 10 19 26 71 82 62 30 79 73 63 6 35 9 72 28 87 61 0 37 13 45 21 23 42 70 45 11 50 2 23 19 9 3 86 72 71 96 64 64 4 49 64 47 49 45 1 79 94 37 78 12 80 46 32 9 96 66 21 9 4 39 78 41 42 32 88 82 79 36 46 9 66 8 42 13 81 12 8 44 62 93 55 82 50 30 19 35 31 28 22 64 80 82 
84 100 57 57 68 46 42 13 36 9 20 8 12 51 82 51 69 51 94 81 70 75 36 54 66 0 54 53 17 8 37 2 91 37 26 83 72 94 1 99 42 66 26 19 88 10 29 60 41 84 100 94 100 87 38 4 73 78 82 16 32 40 63 60 32 43 67 61 7 56 87 26 56 63 25 24 17 78 17 1 66 11 32 71 53 85 15 27 56 68 38 5 96 2 72 18 55 32 65 51 
49 1 21 59 18 3 25 84 11 11 71 98 33 55 47 29 70 39 51 68 79 69 55 53 74 32 0 27 61 2 15 93 70 32 47 85 16 47 77 34 46 69 39 34 15 26 77 62 57 19 20 93 22 2 69 71 88 75 61 35 60 39 55 72 10 59 68 89 22 39 42 26 66 11 24 89 66 50 97 12 88 38 19 72 49 3 27 79 68 79 50 55 82 81 25 15 41 24 44 18 
25 75 83 20 47 75 87 35 56 76 84 95 97 71 3 29 37 63 13 46 36 59 68 90 37 52 46 0 99 8 92 44 23 38 41 89 61 91 15 76 35 39 61 41 90 4 86 87 12 60 56 15 18 73 16 72 55 98 6 71 88 95 52 71 37 1 96 16 84 99 49 41 9 61 89 92 2 19 100 94 51 56 88 10 69 7 14 62 74 49 36 99 8 5 23 64 36 89 35 98 
20 77 57 90 93 48 35 99 33 5 10 62 47 36 52 32 76 90 73 83 88 91 45 87 28 93 94 46 0 8 54 73 74 100 61 73 50 30 44 95 50 22 64 32 38 4 29 60 29 18 30 19 4 94 44 92 78 21 77 37 93 22 22 27 16 83 12 40 98 85 64 19 87 62 37 35 82 48 43 50 79 55 44 14 78 79 86 9 27 83 43 86 31 49 15 24 48 11 80 34 
100 81 54 91 7 57 62 67 50 43 89 6 46 73 100 9 46 93 66 14 4 80 84 35 10 23 16 71 72 0 94 24 68 40 11 11 74 74 94 20 29 54 3 9 46 43 38 71 32 66 85 96 72 80 21 23 77 70 50 87 22 22 41 45 98 32 38 56 84 18 14 11 57 98 98 14 63 74 57 65 36 12 18 86 58 54 94 15 24 28 81 3 28 88 98 53 66 19 84 13 
34 61 25 88 85 41 26 62 46 78 13 82 78 36 83 28 60 80 70 5 27 61 48 28 60 36 100 40 100 47 0 47 14 15 56 57 81 71 78 64 9 3 51 38 58 94 1 43 37 100 70 48 46 19 95 16 77 96 4 23 41 81 47 69 85 92 91 56 61 66 55 48 33 68 11 17 92 94 38 30 12 31 77 29 57 69 79 98 11 73 94 77 47 40 60 35 7 75 73 48 
25 52 97 50 94 95 84 60 81 100 30 69 79 25 28 59 80 98 92 19 58 7 9 11 23 98 13 45 69 85 3 0 53 78 82 55 41 6 91 70 35 27 24 80 93 34 18 10 23 83 1 66 41 5 77 91 26 45 87 12 61 11 68 44 77 80 69 54 48 98 40 11 56 76 5 100 46 49 32 50 6 16 83 71 59 17 55 79 58 62 40 91 5 42 53 16 74 10 52 19 
25 67 61 80 18 35 33 40 22 99 14 76 33 13 85 79 33 21 55 35 77 45 36 50 55 45 93 22 6 76 100 3 0 13 81 28 51 48 7 25 45 49 31 11 93 41 32 12 56 70 76 41 13 46 10 70 65 51 85 29 18 5 88 65 53 7 14 7 65 75 35 21 100 29 40 43 48 85 20 72 84 88 47 79 88 4 75 73 54 59 49 73 35 79 37 45 85 90 29 26 
54 63 35 11 37 43 88 17 87 22 88 71 5 99 84 56 69 9 83 98 6 42 28 14 31 96 2 27 46 70 57 24 89 0 60 84 41 33 16 8 75 10 44 64 76 62 26 77 67 71 93 22 36 76 90 9 64 76 84 8 8 95 15 69 29 82 73 10 97 41 19 20 58 29 45 55 15 79 5 73 20 23 37 7 62 5 92 41 8 93 86 95 39 13 82 22 48 39 11 72 
83 12 18 18 70 45 47 20 7 48 78 68 71 13 24 20 31 76 50 22 17 74 57 41 43 12 91 73 65 15 53 26 48 98 0 29 54 12 85 88 73 42 89 83 16 12 34 78 91 7 71 92 62 30 17 41 52 79 65 77 20 21 81 45 41 15 3 5 42 68 100 26 27 32 41 68 35 10 22 40 54 84 84 88 62 94 93 71 66 7 21 75 29 24 55 44 5 87 81 63 
9 39 8 14 55 32 63 34 56 17 53 10 65 32 9 6 55 18 54 51 53 24 31 77 64 45 76 83 83 37 42 82 49 69 60 0 36 52 38 18 19 30 26 4 34 79 25 36 56 74 75 46 41 30 58 86 74 88 16 66 21 62 91 30 5 92 88 57 18 46 7 54 84 29 54 83 70 85 32 32 33 21 73 31 62 93 55 66 25 81 22 78 94 94 91 11 33 27 97 65 
12 64 38 37 60 85 21 86 49 85 59 73 66 37 71 95 13 48 1 42 66 67 15 47 10 33 99 18 41 9 95 94 100 94 18 55 0 88 50 97 12 16 86 71 23 20 34 36 84 40 29 1 62 48 58 43 41 83 58 42 85 99 1 18 57 34 27 93 48 12 9 45 65 82 88 27 48 55 65 64 73 77 66 91 91 74 20 20 27 88 5 68 2 73 72 84 27 43 6 98 
54 18 36 1 46 27 30 76 6 78 46 3 70 75 29 89 50 50 77 37 40 87 100 6 46 95 43 21 18 20 47 42 21 90 44 85 93 0 100 75 7 80 94 83 1 18 22 66 84 36 12 39 16 97 58 98 86 16 51 67 39 2 69 62 39 60 24 26 44 38 76 14 76 7 35 86 56 25 12 22 20 8 49 72 59 2 88 48 75 41 80 8 28 25 17 21 39 52 65 31 
66 71 29 76 26 21 73 31 25 53 51 50 97 97 89 38 69 54 21 19 11 27 13 72 58 100 55 43 4 5 6 52 27 83 17 38 47 39 0 91 95 63 52 73 45 88 4 77 83 76 46 35 12 48 82 98 1 37 74 49 36 80 89 22 27 66 93 6 13 65 38 73 22 17 87 75 67 53 37 39 63 30 42 16 8 68 20 70 94 50 22 86 14 25 30 47 65 48 64 14 
46 55 70 5 90 47 80 69 87 80 45 58 79 42 14 10 81 5 39 88 3 92 72 30 70 40 54 82 7 60 95 93 52 84 74 20 87 23 13 0 9 49 19 78 57 13 22 62 61 61 54 57 34 83 20 85 84 44 25 24 48 68 77 96 86 81 50 32 61 19 97 82 89 19 64 81 63 79 17 8 26 58 90 64 17 79 17 52 48 47 14 51 53 78 55 77 16 99 79 35 
64 8 30 33 27 12 20 37 91 11 39 14 3 6 79 5 86 76 76 54 42 39 34 82 16 63 100 83 61 36 13 97 76 70 100 36 43 26 2 22 0 19 58 74 36 65 24 25 40 69 96 84 58 33 5 85 62 99 73 55 91 48 43 65 13 21 21 46 5 86 3 22 94 13 59 43 85 85 73 42 74 91 70 20 72 97 85 69 19 65 94 96 53 13 34 67 56 45 62 76 
29 68 18 7 19 10 61 6 54 69 11 23 54 14 14 13 41 83 13 25 80 15 38 2 47 89 30 39 15 61 54 32 80 67 52 52 72 26 66 74 3 0 2 77 7 42 67 96 3 94 59 18 67 63 69 33 21 25 41 98 35 30 10 88 4 1 16 82 76 16 34 19 4 95 9 58 93 19 57 75 83 92 8 94 69 70 49 10 40 57 58 71 29 12 77 40 66 68 99 96 
19 38 54 9 77 74 45 33 72 24 42 77 18 87 15 75 11 92 88 48 46 5 43 62 35 71 85 82 47 25 24 6 57 86 66 41 95 53 89 47 36 6 0 26 26 44 44 33 12 25 26 92 4 77 97 56 99 75 90 36 37 48 92 4 10 89 73 38 40 67 66 54 77 49 95 7 45 14 65 74 91 68 92 76 23 32 99 80 92 91 77 18 82 28 47 91 99 83 64 20 
81 69 40 57 84 77 23 35 26 71 24 96 2 23 5 70 29 52 30 6 22 97 14 70 41 51 100 82 6 36 54 68 39 100 14 33 79 82 2 82 100 69 5 0 96 28 42 34 63 3 85 55 24 67 96 66 89 15 76 66 84 24 16 57 8 86 32 72 51 56 38 20 53 89 69 25 89 92 39 90 50 37 93 21 4 14 12 73 48 41 70 13 14 86 45 55 42 39 83 77 
53 98 95 14 48 59 80 40 28 59 51 24 29 96 93 11 33 21 69 20 93 69 87 73 46 3 30 95 99 29 91 92 3 77 62 55 33 63 81 43 99 8 95 80 0 39 34 78 79 74 68 30 76 27 2 70 94 91 79 36 97 38 55 78 54 29 19 32 36 73 84 18 13 93 10 96 34 77 36 84 74 63 68 55 37 62 68 6 36 38 95 66 63 8 52 2 55 62 1 60 
69 76 47 58 83 32 93 46 17 11 58 40 54 45 51 39 60 40 77 67 54 96 2 34 73 97 62 12 57 87 37 15 60 17 95 66 19 18 31 21 72 93 37 30 83 0 54 59 81 79 28 45 22 24 18 51 23 49 40 1 39 50 42 69 85 92 3 91 66 75 69 50 19 27 48 87 26 76 75 50 52 88 29 78 86 19 80 89 52 98 14 71 51 33 61 23 36 17 77 96 
68 34 75 16 89 72 8 86 45 93 34 77 38 90 26 16 21 45 55 48 87 95 57 73 4 25 58 4 54 96 37 85 66 29 76 35 1 74 72 16 37 2 42 62 21 67 0 86 35 70 29 89 33 11 45 32 10 82 88 37 61 48 40 74 98 62 53 47 48 63 5 7 63 12 100 64 98 49 66 29 68 98 46 3 47 71 29 86 81 27 99 36 30 51 18 60 41 38 81 93 
15 24 14 37 49 3 35 92 50 90 42 96 24 36 11 7 33 19 66 18 93 94 97 15 50 31 78 82 100 1 57 36 94 61 8 98 57 55 28 28 39 60 76 47 11 30 48 0 11 87 91 57 86 77 7 50 55 73 1 24 10 31 36 37 65 65 75 84 41 16 55 39 43 83 85 90 97 58 76 97 17 90 9 74 4 49 84 7 99 9 38 51 42 39 99 14 89 14 42 45 
95 41 43 93 88 5 61 78 86 5 99 61 4 1 68 85 51 46 1 84 17 94 86 1 66 15 46 89 40 70 42 69 74 56 17 50 84 25 67 74 46 58 87 33 70 77 55 54 0 76 61 72 24 37 80 97 81 45 72 70 12 50 82 54 98 83 20 35 22 26 11 18 78 39 26 75 1 92 98 22 25 18 86 92 54 99 29 32 55 54 61 95 43 26 47 18 90 55 56 96 
42 77 39 99 80 42 28 39 91 10 66 72 59 22 24 91 22 58 17 84 87 2 54 34 91 86 57 48 68 4 51 11 100 38 37 12 86 96 30 71 58 49 35 68 39 2 49 77 24 0 67 4 75 88 51 83 94 73 43 81 19 97 23 22 68 84 65 1 58 1 95 49 97 43 56 51 67 47 54 23 40 93 44 61 51 14 40 28 6 16 73 95 59 43 44 96 65 13 92 87 
62 57 5 13 52 18 86 40 9 48 93 59 98 97 19 94 41 14 67 59 30 100 28 53 73 51 15 30 30 75 61 1 56 40 37 57 18 12 57 67 31 99 46 48 42 52 5 59 42 65 0 19 86 23 92 20 7 63 92 46 80 71 53 19 38 21 89 79 73 21 40 73 67 62 77 75 32 40 21 56 46 75 14 85 6 9 24 46 10 63 86 67 48 25 28 98 67 82 85 66 
40 63 47 45 44 39 12 94 44 58 28 94 81 23 44 92 42 68 57 90 30 69 2 38 18 81 45 5 67 1 72 3 63 5 99 15 94 32 34 80 66 93 93 64 72 95 74 4 58 58 30 0 44 35 67 1 90 67 13 48 97 99 55 32 62 2 92 27 45 13 49 73 75 51 25 98 9 9 68 13 70 64 92 97 98 87 34 27 9 30 7 20 47 95 94 96 45 27 57 2 
57 60 54 42 57 22 40 9 81 22 85 8 74 18 99 68 2 51 42 48 73 7 16 51 8 15 44 28 1 76 71 39 90 51 4 82 18 87 25 52 45 58 38 4 82 76 10 9 30 91 28 57 0 86 64 92 32 85 45 58 64 97 49 83 36 36 7 49 76 10 13 95 88 13 99 10 90 78 30 5 28 9 79 73 68 43 86 28 76 2 67 9 55 21 48 57 19 65 37 64 
1 43 7 87 61 86 63 96 75 83 34 83 98 76 44 16 3 38 22 65 22 2 31 1 75 5 32 93 31 95 16 6 11 89 84 83 54 47 18 32 95 9 75 83 82 95 27 27 92 86 89 82 91 0 88 15 74 90 4 71 24 17 96 15 8 74 32 19 14 66 5 78 60 18 76 22 19 11 91 81 42 21 75 35 99 26 75 90 54 98 76 48 23 93 50 64 71 8 5 44 
61 84 60 88 24 99 2 31 45 72 21 42 79 97 75 29 31 35 23 66 25 13 1 91 46 53 10 48 68 88 42 12 7 12 74 80 65 91 60 82 96 94 92 6 74 55 94 11 65 90 18 40 57 33 0 48 79 66 63 95 11 66 81 66 4 100 96 2 34 88 95 95 8 60 41 66 15 54 8 41 87 40 36 71 24 44 89 44 72 36 57 89 96 9 71 83 96 30 97 24 
2 100 31 67 49 96 92 37 74 8 4 56 71 73 14 79 60 20 92 46 79 3 62 51 35 43 31 93 63 24 10 84 59 96 91 5 51 24 92 68 3 51 6 3 67 76 76 49 72 51 64 70 46 11 35 0 56 78 26 63 17 4 86 77 36 92 80 98 14 9 13 30 70 36 79 78 18 75 5 23 56 49 24 41 23 7 31 37 67 7 91 45 34 30 38 28 53 96 5 8 
34 46 20 95 59 35 99 18 99 32 74 8 84 48 4 62 89 40 24 1 28 50 3 32 26 100 34 24 10 31 51 45 44 41 33 91 39 40 45 6 88 76 46 69 16 67 73 49 92 98 78 40 79 6 82 31 0 81 65 77 55 43 73 33 70 28 95 47 88 99 38 38 92 79 10 36 60 41 75 62 75 37 50 42 45 1 83 91 96 8 84 31 20 30 36 67 41 85 75 46 
71 7 73 18 51 9 46 32 68 63 61 38 84 17 88 28 96 41 38 74 22 86 62 23 85 9 79 59 18 54 33 40 5 53 55 99 37 41 85 73 48 45 24 28 62 97 95 9 54 87 56 86 14 27 64 52 78 0 47 97 59 16 16 70 48 41 23 8 90 52 91 40 53 15 95 93 18 46 100 25 21 23 17 47 78 7 13 79 80 82 92 49 90 54 32 7 14 95 98 54 
78 90 45 40 17 60 47 4 90 32 22 45 51 17 72 83 84 9 86 22 81 77 41 92 34 58 46 51 93 27 36 20 5 71 23 42 93 81 96 13 55 27 2 32 10 89 18 72 34 18 86 67 26 67 95 18 14 14 0 31 31 100 68 38 72 83 88 76 50 39 93 80 49 39 75 78 52 14 91 97 63 91 74 58 40 37 61 57 84 19 75 34 19 67 67 48 81 82 65 68 
66 40 2 82 12 11 30 35 72 85 98 91 3 50 2 33 29 87 24 59 67 1 38 12 61 32 80 71 29 27 98 6 43 48 24 34 13 61 51 20 54 50 23 61 22 23 9 94 83 77 36 79 15 92 94 42 48 51 60 0 85 15 90 100 95 13 3 100 54 39 41 41 94 77 23 27 48 76 96 37 41 46 96 22 44 95 60 30 54 68 66 21 75 10 69 64 16 5 54 89 
5 30 96 68 4 86 98 21 13 75 50 84 90 60 72 31 42 84 11 15 62 47 35 45 33 84 88 1 21 14 70 52 64 62 70 67 80 48 83 20 81 26 20 21 100 33 45 66 57 65 80 22 44 3 43 9 53 73 87 44 0 46 15 21 65 58 40 65 34 92 27 43 12 67 42 95 90 2 31 31 37 87 87 77 53 73 5 53 29 20 65 52 3 65 60 5 7 84 73 18 
90 30 81 59 66 42 43 79 60 86 57 7 99 62 47 67 87 13 10 70 20 70 79 49 15 53 85 23 18 6 95 75 56 94 38 10 3 65 43 44 94 63 88 53 21 41 29 4 95 67 89 54 54 39 44 84 81 13 43 75 29 0 54 15 92 72 2 19 16 18 83 54 92 27 99 73 48 50 60 33 13 62 15 56 87 43 29 35 90 96 62 69 70 21 91 43 39 67 44 19 
95 23 99 33 66 59 3 84 61 75 61 21 18 16 31 93 10 38 66 76 15 79 9 30 100 29 34 93 47 5 16 56 62 66 78 38 48 95 56 45 66 13 71 68 76 95 58 3 45 79 70 75 76 58 93 53 11 31 6 95 26 32 0 85 39 8 69 48 83 87 53 28 9 28 59 67 65 88 87 29 48 64 85 27 77 77 97 87 31 77 84 41 58 13 77 42 16 44 11 75 
33 11 63 18 64 51 81 73 11 71 87 32 5 87 12 24 38 39 42 51 16 16 71 13 49 31 2 39 43 40 65 24 75 26 29 42 37 24 16 34 60 3 98 42 69 17 43 50 28 29 28 13 91 40 92 61 81 60 57 69 74 30 19 0 34 82 3 72 3 49 36 63 70 2 3 9 24 22 57 54 61 24 58 85 42 73 30 25 56 22 26 100 60 19 16 78 20 41 43 61 
97 71 39 31 83 66 23 57 54 9 95 43 7 82 8 24 58 74 94 7 89 62 38 10 85 51 20 66 23 60 79 4 25 38 42 38 54 84 53 89 12 55 53 21 44 15 67 33 60 44 16 73 12 44 24 61 29 34 29 44 13 10 19 9 0 98 88 81 59 96 34 53 8 73 81 21 6 57 59 56 34 84 47 50 5 52 94 88 76 84 52 55 84 85 8 92 96 2 78 15 
50 94 5 41 60 45 62 66 4 62 19 86 30 96 3 23 63 90 93 40 38 84 32 8 3 31 34 54 39 76 3 92 99 61 55 58 46 55 26 12 33 68 20 26 98 88 54 43 1 45 44 76 95 23 98 70 89 13 24 34 23 42 13 24 90 0 8 51 80 29 2 7 39 33 78 20 24 38 26 18 76 30 8 68 59 89 5 5 80 83 14 21 45 65 44 88 95 82 63 80 
37 89 69 64 81 37 80 65 19 92 3 88 65 41 24 64 6 78 95 38 27 81 14 10 3 41 30 51 62 63 92 85 28 65 36 54 67 78 90 96 98 67 94 86 28 58 66 61 12 18 72 88 62 98 70 45 26 5 20 78 91 61 12 83 95 55 0 10 89 43 77 93 75 83 98 7 5 53 54 94 54 8 62 67 33 12 42 14 78 63 29 59 99 26 43 1 81 92 12 95 
87 67 85 85 29 96 4 7 21 13 45 15 38 22 46 87 40 21 27 82 88 89 54 84 16 20 13 44 58 15 53 29 49 43 33 42 68 66 60 71 78 16 71 53 70 94 98 85 95 78 96 60 78 28 26 33 87 65 24 31 66 66 94 100 16 15 78 0 4 20 69 10 65 88 39 15 88 69 86 92 95 51 94 36 46 92 91 16 77 95 87 90 41 87 27 85 38 15 87 97 
45 60 60 32 19 10 62 17 66 58 62 68 50 99 9 79 15 1 89 71 29 70 52 61 23 27 67 59 52 58 33 62 31 52 84 6 27 86 27 24 70 79 37 2 21 100 32 64 40 38 53 66 2 36 44 65 12 34 23 59 43 49 95 25 70 69 86 95 0 35 63 75 6 14 83 9 85 48 32 15 47 64 3 91 74 24 94 29 13 64 26 47 45 13 95 50 35 86 97 23 
20 66 37 90 73 20 25 70 32 64 16 32 55 3 50 4 36 17 6 30 56 4 65 81 75 92 62 42 28 49 42 79 90 8 94 66 71 21 83 19 4 48 1 64 20 19 99 56 59 52 62 86 10 84 19 16 30 14 62 88 54 4 69 42 10 71 82 45 32 0 96 94 23 24 75 34 94 12 41 60 69 21 15 95 72 30 93 65 25 65 75 16 82 36 17 88 11 23 92 82 
56 24 65 90 27 35 33 43 29 50 61 19 69 100 92 69 40 75 47 7 55 79 16 3 14 33 47 21 75 54 88 6 71 89 9 96 39 11 47 38 9 72 67 37 47 52 95 90 12 23 64 10 66 14 10 32 16 19 14 42 61 2 44 95 73 13 45 99 27 34 0 11 50 87 90 10 39 94 32 28 14 77 21 75 53 44 53 35 87 53 27 42 82 93 70 36 26 36 8 43 
42 5 62 98 36 75 86 95 29 30 20 91 76 83 17 29 92 29 51 21 26 33 53 78 96 73 86 61 22 2 95 5 86 79 74 16 47 84 36 79 54 48 15 1 89 15 9 92 75 23 19 45 63 93 53 33 44 43 53 83 53 91 22 19 78 34 63 88 95 97 76 0 60 92 48 92 81 90 76 84 42 57 75 3 29 34 74 51 18 86 38 89 80 18 32 52 14 96 68 87 
29 4 65 93 80 90 24 7 76 92 23 82 85 86 12 40 84 64 57 4 58 44 50 48 25 37 26 93 42 14 6 27 23 95 92 35 30 57 86 71 30 77 45 25 76 19 33 42 56 59 98 29 53 39 37 34 78 70 27 32 27 88 65 70 23 31 96 1 7 62 55 83 0 100 63 82 35 84 79 12 5 98 84 85 73 20 22 9 61 42 48 16 47 74 72 88 71 44 10 50 
53 61 59 55 3 23 85 16 66 61 33 91 23 62 60 32 40 83 70 4 96 84 96 89 31 12 63 95 9 34 94 70 66 62 61 11 66 44 10 83 90 17 84 5 2 71 29 55 20 80 16 100 1 26 32 24 56 61 84 89 44 4 91 9 21 25 5 88 72 28 31 35 73 0 63 17 62 13 84 33 99 82 5 88 30 38 43 84 12 71 16 9 47 27 42 79 77 65 72 65 
5 46 95 21 1 38 8 75 96 48 40 42 12 47 24 36 34 25 6 33 44 72 86 72 60 48 42 53 76 52 18 67 17 72 75 16 4 2 28 36 90 67 6 51 39 85 98 93 61 27 21 92 41 53 24 41 50 44 75 99 9 36 6 28 25 80 34 88 32 45 45 67 29 40 0 90 79 61 27 50 63 56 47 80 78 53 70 24 21 34 87 43 80 26 5 98 75 51 57 70 
83 69 51 48 2 29 15 22 14 59 18 75 52 28 65 41 6 66 37 38 9 69 44 43 13 49 27 37 17 69 24 88 35 92 13 72 91 75 26 64 39 46 52 20 76 90 14 48 99 2 81 81 82 72 2 50 76 19 23 79 61 18 34 97 51 20 4 6 82 18 14 34 98 84 84 0 15 31 27 72 44 62 25 27 4 68 46 45 57 2 17 42 57 86 79 10 75 11 39 98 
21 1 8 7 19 11 11 80 45 43 88 41 73 98 41 32 43 53 80 66 24 83 78 53 12 32 77 9 35 45 7 41 94 5 91 56 47 60 68 83 46 18 76 80 74 82 39 59 63 91 67 20 93 38 78 49 37 53 65 61 2 20 72 38 12 47 72 47 36 11 32 45 26 52 59 7 0 5 32 16 93 18 28 68 32 23 96 81 10 46 10 71 6 55 69 5 23 13 50 42 
31 36 55 72 94 12 30 73 100 81 79 59 63 37 74 68 89 86 89 9 2 76 98 30 51 21 43 67 3 92 82 65 20 54 60 48 56 35 5 51 41 4 10 53 66 25 38 43 97 90 84 74 89 86 73 30 59 43 77 31 64 43 48 30 8 42 47 100 54 93 59 79 78 95 29 9 99 0 15 73 66 56 18 58 75 47 40 87 67 65 96 45 50 96 51 87 17 64 57 68 
58 94 89 88 7 58 85 47 85 84 86 35 94 88 66 92 100 70 91 50 99 51 35 69 69 17 20 8 85 64 34 4 6 86 82 6 76 48 94 4 15 19 58 32 23 78 13 81 100 36 41 90 87 84 31 12 61 7 6 27 94 14 1 4 68 49 19 22 42 79 83 55 47 18 64 32 15 70 0 47 43 61 67 11 52 38 99 89 66 6 86 42 82 34 51 9 14 2 36 51 
83 13 21 92 72 71 56 64 13 95 75 49 2 33 32 10 60 67 60 28 92 22 28 13 64 63 88 7 43 34 24 37 89 99 15 80 9 4 13 79 72 70 94 99 71 7 93 46 61 80 42 38 8 98 54 22 40 30 19 24 91 69 3 53 34 41 46 33 48 46 72 65 70 35 51 14 55 45 61 0 85 76 48 2 84 83 79 55 57 83 60 38 54 35 15 34 44 31 6 10 
40 64 92 98 26 78 3 93 83 41 73 66 14 37 87 85 57 61 9 51 13 22 72 68 32 95 21 8 53 8 22 44 5 28 90 19 80 11 9 44 21 28 93 10 79 65 42 93 28 88 73 51 55 67 83 15 21 87 16 32 51 38 98 17 59 76 10 31 52 30 70 56 31 42 68 71 55 18 70 80 0 20 90 50 43 57 32 85 85 77 10 57 41 67 47 52 86 17 47 95 
78 18 30 60 8 54 74 50 72 2 38 9 96 85 37 44 21 53 32 69 84 74 7 31 75 32 53 21 34 63 57 2 10 44 36 32 79 74 80 6 41 82 15 89 58 10 49 21 17 67 2 96 46 22 36 95 53 56 75 37 20 62 21 72 48 64 12 29 74 80 6 63 18 37 17 75 13 32 19 98 72 0 3 48 31 1 48 51 59 13 46 95 54 34 43 85 77 90 24 50 
16 21 68 37 47 5 95 31 57 19 95 86 76 69 3 76 96 26 21 98 25 65 5 64 17 98 50 50 27 81 73 39 29 13 68 5 48 72 10 2 85 11 48 57 70 80 9 16 99 50 84 93 67 93 69 58 86 47 27 38 47 55 74 84 5 11 37 10 97 47 29 7 59 84 10 80 43 26 69 13 98 65 0 58 45 65 58 75 39 41 50 13 66 78 45 90 32 41 93 17 
47 90 29 46 70 49 2 50 97 85 9 90 11 27 42 8 75 1 67 51 18 44 18 36 30 7 46 100 66 61 45 88 100 17 25 31 78 91 36 23 54 22 90 15 96 32 21 19 17 45 32 36 97 56 19 94 33 18 10 71 59 4 60 17 77 59 6 51 8 95 47 88 16 88 83 69 72 48 31 64 16 20 31 0 18 16 38 3 85 2 45 6 31 2 62 56 47 6 3 73 
82 14 60 56 1 89 33 7 22 6 24 74 62 76 13 27 52 62 43 8 80 77 34 17 34 59 69 16 24 64 21 42 89 75 59 67 76 15 59 65 68 47 45 45 33 11 5 55 39 72 65 48 57 9 98 28 53 47 83 73 77 26 4 48 49 5 19 94 88 43 87 91 57 79 62 34 83 14 37 42 82 91 21 55 0 51 32 12 2 77 100 31 55 71 71 61 19 3 68 100 
39 37 49 78 73 46 30 56 54 88 81 27 51 2 90 25 72 79 9 80 98 62 9 22 53 1 15 93 49 2 99 77 8 49 87 62 96 95 34 91 1 63 18 63 81 59 37 83 3 85 72 92 54 82 53 71 50 34 3 66 57 74 88 14 23 15 14 57 74 12 45 12 27 49 36 12 40 16 21 13 40 16 38 21 16 0 33 34 44 76 76 54 93 59 6 25 96 22 20 57 
19 83 28 22 86 79 94 85 61 34 91 93 67 74 34 46 66 15 9 57 46 85 81 69 75 100 14 88 55 51 33 33 43 97 2 49 13 5 28 99 42 73 19 1 89 9 26 95 11 7 28 54 80 74 7 1 50 47 95 7 76 63 57 1 22 50 12 85 92 67 16 88 16 65 100 68 20 94 19 41 63 30 31 96 90 74 0 24 97 46 26 17 52 39 34 22 1 37 26 51 
23 88 3 59 43 46 23 62 93 56 95 99 97 16 49 16 32 39 17 17 66 86 71 78 89 18 83 67 86 92 71 26 22 82 16 100 56 19 31 40 92 9 42 29 55 33 35 9 14 71 13 9 32 23 53 14 44 55 62 20 86 17 64 87 21 79 85 12 81 93 93 89 82 15 87 39 76 53 37 99 92 63 25 71 7 80 52 0 22 89 36 10 74 85 76 37 32 64 82 70 
44 13 100 57 73 96 35 46 100 15 54 2 38 27 78 51 67 91 73 73 45 17 12 44 88 72 40 8 51 73 84 30 39 24 69 89 63 54 62 13 99 65 46 67 36 91 3 77 88 86 12 15 15 55 3 6 66 90 11 60 91 65 79 93 24 45 8 88 62 81 83 81 41 49 67 65 59 74 9 22 10 66 52 73 86 3 28 93 0 54 66 82 10 18 26 70 21 31 12 54 
32 91 22 64 99 84 54 100 21 14 75 37 42 71 70 6 24 16 52 44 90 50 44 89 85 26 94 49 88 1 37 48 79 47 49 65 39 89 6 69 60 65 22 83 54 9 34 42 48 3 74 79 41 32 71 61 9 42 22 67 48 52 97 25 97 64 29 21 94 90 12 63 22 40 46 34 83 23 99 34 21 57 71 31 63 25 96 35 20 0 59 67 85 12 57 69 25 83 49 54 
32 77 87 2 41 66 14 76 2 99 81 60 61 24 59 71 20 25 29 46 44 94 28 9 87 49 48 25 87 60 90 27 18 16 65 3 63 29 3 37 77 83 17 99 31 72 97 55 44 27 2 90 84 29 94 93 6 30 83 100 19 71 83 48 82 69 6 73 86 63 64 59 46 64 39 88 75 23 13 47 67 1 70 24 27 5 25 68 26 28 0 30 9 47 94 74 22 40 31 84 
21 26 54 28 7 33 98 25 57 47 49 92 49 49 14 31 11 100 100 25 63 20 48 75 61 37 99 36 33 35 80 69 28 24 36 76 94 52 39 5 53 74 14 41 54 12 38 59 87 19 36 33 33 16 64 96 27 46 15 10 6 96 20 87 51 54 51 9 70 15 29 49 23 14 31 31 74 34 1 16 91 49 60 6 84 32 3 76 39 27 66 0 39 1 40 62 81 31 79 49 
34 24 93 71 76 100 58 68 70 94 91 39 3 100 5 6 97 86 98 32 81 59 47 59 23 32 87 42 28 57 3 95 48 81 15 21 34 19 95 78 32 10 49 91 59 66 10 37 14 100 48 70 86 37 63 15 14 6 66 40 48 86 20 24 75 26 98 35 6 77 87 93 85 100 75 65 71 97 24 46 16 32 66 28 100 40 93 2 4 10 5 63 0 27 97 55 75 69 74 48 
81 64 14 91 86 53 92 48 3 91 35 61 80 40 99 6 21 41 58 94 81 38 91 12 42 8 75 24 40 88 65 56 61 93 99 62 21 29 17 88 68 4 38 54 80 25 77 94 59 92 82 98 1 80 64 81 9 9 5 39 30 33 12 83 68 96 39 10 48 24 85 29 28 78 1 41 94 86 24 82 12 37 32 43 16 37 61 64 64 29 8 57 69 0 90 14 36 25 37 77 
86 69 93 44 24 3 38 51 25 61 21 86 86 36 84 59 14 73 38 45 12 26 15 13 13 76 52 95 19 15 6 89 50 66 61 96 53 65 94 92 48 88 40 16 11 68 51 28 79 60 10 70 99 2 31 52 19 22 85 69 47 60 97 18 30 21 100 81 85 58 100 78 69 44 8 78 26 39 25 78 96 69 50 49 95 54 68 96 41 54 63 5 38 70 0 6 73 7 74 24 
82 7 50 7 23 77 46 39 86 31 33 39 79 46 86 18 78 93 77 47 64 2 82 1 23 74 24 15 95 4 45 72 46 15 84 86 82 3 97 96 1 21 12 98 77 1 5 75 82 21 51 21 9 3 99 16 50 92 67 48 76 23 26 5 35 76 83 36 46 73 94 4 90 68 73 44 7 51 19 14 18 88 57 4 94 25 26 39 47 91 13 86 100 85 24 0 52 36 35 84 
83 77 29 47 25 54 69 82 80 16 61 23 81 68 36 70 69 44 66 17 26 97 17 55 43 43 69 52 84 28 31 6 93 41 17 5 58 9 92 61 39 15 23 48 17 87 3 31 17 4 12 94 15 52 76 94 17 19 81 97 33 4 75 22 8 26 62 55 57 22 5 41 34 10 56 3 85 90 79 13 85 16 83 42 90 85 57 52 34 42 5 23 82 68 77 97 0 64 29 96 
75 65 85 60 4 95 65 91 61 40 96 86 55 65 88 62 75 12 73 55 3 39 9 83 67 79 50 74 78 22 38 61 74 30 43 68 24 67 81 81 1 27 53 65 38 71 91 81 47 37 39 10 98 80 20 60 100 51 89 73 24 42 100 40 7 97 36 60 72 62 93 99 13 17 31 11 82 22 15 88 92 47 16 1 60 99 18 63 49 78 20 27 28 94 84 23 3 0 91 9 
87 84 77 4 53 71 45 95 95 14 40 1 51 19 36 21 30 69 49 59 58 81 51 79 48 91 13 90 8 15 77 98 73 72 36 45 26 1 56 65 89 6 40 66 13 13 2 13 46 66 38 84 92 96 59 85 78 13 40 84 19 59 5 55 70 7 98 36 18 35 95 85 4 31 4 91 12 13 31 25 78 2 44 94 61 14 100 46 40 11 69 8 81 17 92 56 82 34 0 16 
30 92 35 24 16 93 91 10 2 19 42 22 97 92 45 82 58 13 29 73 96 7 31 65 85 69 94 86 10 2 18 57 51 42 23 69 97 96 71 21 50 19 96 11 70 89 9 27 28 23 51 86 65 55 83 12 74 78 78 8 24 34 15 20 11 43 48 81 19 48 48 47 39 20 97 44 67 14 65 41 93 93 5 58 2 16 68 75 42 97 49 63 89 53 60 32 27 36 38 0 
600
15 50
95 38
30 62
17 1
25 64
44 11
77 91
20 83
16 84
56 48
31 85
2 23
95 68
7 66
1 77
1 78
6 80
40 49
10 91
36 28
2 96
62 99
5 93
76 53
30 93
75 26
88 29
89 78
2 67
47 88
3 93
64 75
12 19
39 56
73 33
51 29
2 31
28 79
14 62
16 28
70 28
22 36
84 26
51 90
1 23
4 62
66 94
7 8
25 11
47 88
77 75
36 90
59 29
4 39
30 50
38 6
47 10
30 63
19 35
77 80
74 95
5 54
34 65
75 11
47 88
21 67
69 23
72 43
30 28
63 52
83 91
42 3
81 90
96 94
4 66
19 66
61 55
43 57
94 9
8 9
34 97
67 51
67 77
30 64
25 34
51 6
51 55
27 83
38 45
88 3
89 37
35 46
73 20
17 54
53 99
1 56
67 53
21 69
19 63
4 10
30 9
22 87
2 51
1 25
93 98
2 7
32 26
82 3
89 70
45 94
88 31
5 52
30 29
82 68
35 18
61 45
38 43
12 88
49 24
84 53
16 42
34 81
13 52
39 91
70 26
42 65
45 78
19 76
7 25
1 50
41 31
47 68
42 57
22 27
30 66
73 99
2 25
75 93
15 49
61 85
6 58
27 69
25 58
71 80
95 45
60 81
32 86
7 33
51 75
50 94
12 32
33 38
17 45
1 93
38 43
54 97
5 68
13 73
17 95
33 31
47 6
5 9
44 28
59 97
21 94
89 93
88 45
8 92
38 79
59 85
42 27
2 72
77 99
47 6
17 30
12 49
34 23
89 75
72 48
23 84
74 42
43 45
10 59
5 71
55 99
50 23
78 69
4 50
88 55
20 30
11 93
66 96
31 57
87 81
63 9
30 92
31 65
35 96
83 64
47 3
77 36
85 86
67 45
20 22
8 24
13 81
86 53
74 20
22 23
87 48
38 24
77 78
10 35
16 45
37 80
24 94
92 69
35 76
61 48
4 59
19 95
56 60
4 91
41 46
4 18
2 70
39 76
22 79
56 59
4 50
73 10
67 44
63 90
41 59
57 79
46 28
21 56
39 24
41 99
36 11
21 11
7 3
10 86
34 60
23 62
47 46
41 78
55 48
70 62
30 70
74 45
3 48
25 30
63 64
92 14
27 50
34 45
71 99
61 38
32 75
8 26
61 9
92 83
84 98
88 31
86 96
1 67
47 83
39 43
44 94
22 68
25 88
36 93
31 75
12 9
56 48
38 26
63 58
3 63
31 26
95 3
40 90
1 18
71 64
16 36
88 50
40 92
17 98
82 9
43 54
83 63
46 97
35 43
85 91
47 6
14 96
62 57
89 30
76 75
33 64
85 97
73 42
48 52
43 55
26 97
68 53
42 46
20 53
24 99
43 3
10 19
22 43
25 59
62 84
22 70
92 69
27 56
17 85
77 70
93 97
19 67
25 87
76 11
62 96
3 26
20 97
68 53
32 66
83 87
5 46
21 12
60 85
81 91
32 14
30 93
88 29
43 80
46 44
73 14
14 80
10 44
82 33
4 65
19 18
12 30
61 51
23 80
22 50
27 86
13 84
40 27
9 98
43 26
5 1
49 86
37 94
58 96
10 92
70 76
14 9
72 83
8 37
10 22
32 70
73 55
13 17
56 24
63 66
69 86
5 66
1 85
14 63
68 66
46 24
61 89
56 75
13 20
59 80
29 9
19 75
41 90
12 38
54 52
54 66
89 49
71 99
4 85
57 97
12 6
70 76
6 80
33 98
32 62
30 49
81 26
42 70
1 25
17 51
35 60
34 66
16 25
42 30
25 58
89 68
16 99
28 91
62 26
92 65
83 48
30 36
37 93
34 87
5 85
20 81
44 53
19 92
32 63
92 69
67 87
82 60
11 85
65 9
35 80
49 9
7 31
39 78
16 24
17 76
54 86
83 49
89 34
25 50
4 43
1 41
47 8
7 83
56 85
46 28
2 67
76 90
18 99
19 35
65 91
41 58
19 88
14 26
8 45
2 93
42 94
21 26
16 46
72 46
31 57
45 18
77 28
34 23
10 87
21 67
83 66
43 26
31 99
16 51
3 23
27 49
16 77
3 59
19 93
19 98
67 79
10 75
19 24
37 41
34 44
51 44
39 83
4 44
12 54
77 6
86 53
61 17
44 90
65 78
72 70
40 90
16 95
35 60
72 84
61 43
11 85
25 50
42 87
47 65
27 18
19 1
15 52
17 43
46 11
17 65
60 59
73 68
74 70
49 91
49 96
68 56
69 11
38 41
12 30
10 96
4 84
27 45
42 54
71 8
83 23
34 6
59 90
1 49
17 36
60 29
47 76
80 24
21 82
41 36
16 39
59 99
73 77
62 84
4 57
44 97
13 30
88 98
43 60
6 75
77 23
40 70
89 69
5 24
39 69
71 78
83 98
55 58
12 57
67 34
18 75
71 42
2 70
62 24
22 65
61 75
14 79
67 14
5 37
8 36
7 83
51 24
2 67
71 16
7 15
32 79
60 80
33 81
39 99
77 66
61 19
71 24
1 91
11 86
7 37
18 85
76 96
1 45
15 96
81 99
50 60
1 96
65 80
95 60
4 92
27 79
70 31
2 7
25 44
21 24
95 79
16 35
41 81
13 63
5 24
32 80
13 79
19 1
42 89
88 68
13 19
92 90
30 6
83 99
95 54
45 64
77 90
40 57
